13,20,30,38,50,55,2020.1.1
3,13,14,34,50,51,2020.1.4
2,23,42,47,50,59,2020.1.8
27,28,46,51,55,57,2020.1.11
15,25,50,52,54,55,2020.1.15
14,29,35,41,42,55,2020.1.18
19,23,25,29,30,36,2020.1.22
18,30,33,39,54,55,2020.1.25
7,23,40,42,47,59,2020.1.29
7,42,44,47,58,59,2020.2.1
20,31,39,42,43,48,2020.2.5
8,35,42,43,54,59,2020.2.8
2,3,5,27,51,54,2020.2.12
10,11,33,41,45,54,2020.2.15
7,18,21,27,28,48,2020.2.19
21,23,25,27,36,47,2020.2.22
19,20,27,49,52,57,2020.2.26
25,32,34,52,55,58,2020.2.29
4,7,14,19,50,56,2020.3.4
5,29,35,36,40,44,2020.3.7
10,39,45,46,52,54,2020.3.11
7,22,30,38,42,47,2020.3.14
3,7,11,19,27,52,2020.3.18
12,26,29,34,56,58,2020.3.21
11,24,25,39,53,57,2020.3.25
8,14,27,33,46,49,2020.3.28
4,16,17,22,27,52,2020.4.1
4,22,28,39,45,49,2020.4.4
1,4,19,20,41,45,2020.4.8
20,28,30,31,44,55,2020.4.11
25,37,38,43,54,57,2020.4.15
3,6,31,43,46,53,2020.4.18
3,8,18,47,50,59,2020.4.22
3,9,21,25,28,59,2020.4.25
16,17,32,36,40,47,2020.4.29
14,18,23,39,44,52,2020.5.2
23,29,32,48,49,51,2020.5.6
7,18,21,26,42,50,2020.5.9
14,16,19,31,38,47,2020.5.13
4,20,21,44,48,52,2020.5.16
7,24,26,37,40,57,2020.5.20
15,37,38,42,45,59,2020.5.23
4,7,19,23,34,38,2020.5.27
2,6,8,32,33,35,2020.5.30
1,2,5,11,14,33,2020.6.3
3,6,12,17,35,40,2020.6.6
20,26,50,51,55,57,2020.6.10
10,12,19,21,35,51,2020.6.13
2,9,33,39,48,54,2020.6.17
7,21,26,30,40,48,2020.6.20
1,8,33,50,52,57,2020.6.24
2,5,19,33,37,43,2020.6.27
1,8,24,27,29,55,2020.7.1
32,33,34,48,52,57,2020.7.4
5,18,22,31,50,59,2020.7.8
9,10,14,17,32,58,2020.7.11
9,27,29,37,44,53,2020.7.15
1,20,24,32,33,42,2020.7.18
2,7,11,23,37,45,2020.7.22
10,13,14,18,33,34,2020.7.25
1,24,39,46,49,52,2020.7.29
4,10,13,24,53,56,2020.8.1
1,28,42,43,51,58,2020.8.5
2,40,49,53,56,58,2020.8.8
6,8,27,31,37,51,2020.8.12
10,14,16,22,25,34,2020.8.15
21,22,32,36,45,50,2020.8.19
19,23,24,28,37,51,2020.8.22
4,8,24,27,31,39,2020.8.26
5,10,21,47,51,57,2020.8.29
11,15,45,54,55,58,2020.9.2
3,11,28,36,38,47,2020.9.5
11,13,33,48,50,56,2020.9.9
5,23,36,37,42,52,2020.9.12
16,20,29,33,47,49,2020.9.16
9,13,39,49,52,53,2020.9.19
8,17,28,35,47,51,2020.9.23
1,19,35,38,54,55,2020.9.26
10,25,34,41,46,55,2020.9.30
1,4,13,24,27,47,2020.10.3
12,18,37,52,56,58,2020.10.7
11,21,36,45,49,56,2020.10.10
9,12,28,31,46,50,2020.10.14
26,32,38,41,49,51,2020.10.17
9,12,27,28,29,44,2020.10.21
13,18,19,47,53,57,2020.10.24
11,18,27,38,47,59,2020.10.28
1,6,16,34,49,59,2020.10.31
10,20,28,32,35,50,2020.11.4
3,33,45,50,52,56,2020.11.7
6,36,46,49,50,59,2020.11.11
25,37,39,44,50,56,2020.11.14
18,26,27,28,41,54,2020.11.18
23,32,37,49,54,57,2020.11.21
11,18,30,33,44,55,2020.11.25
9,27,35,45,46,57,2020.11.28
16,22,26,38,39,47,2020.12.2
13,38,47,51,52,59,2020.12.5
7,8,10,14,28,33,2020.12.9
13,38,39,49,53,56,2020.12.12
2,28,30,36,38,43,2020.12.16
4,10,14,21,27,28,2020.12.19
20,42,48,51,52,54,2020.12.23
26,43,44,46,52,55,2020.12.26
11,17,21,24,37,49,2020.12.30