6,8,9,36,39,57,2021.01.2
2,8,36,51,52,54,2021.01.6
9,21,23,30,35,38,2021.01.9
1,8,12,16,18,42,2021.01.13
3,15,38,45,48,53,2021.01.16
3,5,7,13,25,57,2021.01.20
1,6,25,45,49,52,2021.01.23
22,30,34,35,45,50,2021.01.27
4,28,31,36,51,55,2021.01.30
4,9,17,21,26,46,2021.02.3
27,28,32,39,46,52,2021.02.6
1,15,29,33,42,49,2021.02.10
15,16,37,42,44,50,2021.02.13
5,6,8,20,26,39,2021.02.17
3,16,18,24,36,56,2021.02.20
1,9,16,17,18,34,2021.02.24
4,33,36,39,45,49,2021.02.27
2,3,8,23,40,54,2021.03.3
16,17,29,47,52,56,2021.03.6
1,5,9,21,26,42,2021.03.10
6,8,11,17,29,44,2021.03.13
7,16,26,28,36,58,2021.03.17
12,15,24,34,36,51,2021.03.20
2,3,23,27,40,50,2021.03.24
3,5,18,22,26,49,2021.03.27
4,6,13,49,56,58,2021.03.31
2,8,28,32,40,45,2021.04.3
12,38,40,51,57,58,2021.04.7
20,25,26,48,49,50,2021.04.10
6,12,20,48,52,57,2021.04.14
7,8,18,21,23,57,2021.04.17
4,6,14,32,34,39,2021.04.21
16,24,29,30,32,38,2021.04.24
1,4,27,48,57,59,2021.04.28
7,10,31,32,34,40,2021.05.1
8,27,34,40,55,56,2021.05.5
10,12,23,31,37,46,2021.05.8
10,17,23,40,51,52,2021.05.12
6,19,27,32,39,57,2021.05.15
18,36,50,53,57,58,2021.05.19
9,20,41,43,46,48,2021.05.22
28,33,36,45,49,51,2021.05.26
1,10,16,36,46,55,2021.05.29
1,15,17,33,53,59,2021.06.2
3,6,33,39,46,57,2021.06.5
9,15,24,34,43,49,2021.06.9
9,11,16,27,36,52,2021.06.12
6,22,28,36,48,53,2021.06.16
12,18,21,38,44,54,2021.06.19
4,14,15,33,50,53,2021.06.23
14,24,37,39,41,53,2021.06.26
12,27,34,38,40,41,2021.06.30
1,12,27,29,31,47,2021.07.3
2,3,7,20,40,52,2021.07.7
9,19,22,33,47,54,2021.07.10
12,27,29,35,36,41,2021.07.14
3,25,33,35,48,56,2021.07.17
5,17,20,37,45,51,2021.07.21
6,7,17,28,34,37,2021.07.24
23,26,34,36,44,59,2021.07.28
11,12,13,19,43,58,2021.07.31
3,16,27,34,36,46,2021.08.4
10,15,22,41,51,57,2021.08.7
13,32,36,37,39,46,2021.08.11
1,2,15,19,39,43,2021.08.14
4,10,27,30,48,50,2021.08.18
17,18,27,28,35,57,2021.08.21
7,15,30,39,52,59,2021.08.25
18,24,34,49,50,57,2021.08.28
3,19,28,33,41,43,2021.09.01
1,14,21,36,39,41,2021.09.4
3,4,13,14,38,56,2021.09.8
2,13,38,42,52,54,2021.09.11
20,24,25,27,34,37,2021.09.15
19,32,44,45,52,53,2021.09.18
13,21,33,40,44,52,2021.09.22
13,15,31,32,36,56,2021.09.25
15,17,27,40,45,52,2021.09.29
32,35,36,37,40,51,2021.10.2
1,9,16,27,30,51,2021.10.6
6,9,30,48,51,52,2021.10.9
4,8,12,15,38,56,2021.10.13
4,18,21,24,37,58,2021.10.16
23,27,29,37,43,47,2021.10.20
4,13,21,27,28,37,2021.10.23
8,20,22,39,47,48,2021.10.27
7,18,47,51,56,59,2021.10.30
6,31,39,47,48,58,2021.11.3
3,7,21,29,34,39,2021.11.6
10,11,18,20,37,49,2021.11.10
13,14,16,28,43,52,2021.11.13
13,24,34,35,49,55,2021.11.17
5,16,17,32,51,59,2021.11.20
4,11,17,19,39,42,2021.11.24
1,15,16,17,24,48,2021.11.27
4,7,8,37,42,50,2021.12.1
8,24,25,32,33,46,2021.12.4
12,30,31,34,52,58,2021.12.8
6,13,14,15,31,33,2021.12.11
2,15,17,28,30,45,2021.12.15
12,23,27,45,51,54,2021.12.18
6,13,14,20,45,52,2021.12.22
15,24,26,30,42,59,2021.12.25
3,17,28,42,52,57,2021.12.29